
55019894196
5511942993306
5511943111985
5513996616743
5513997511100
5521920101019
5521959111300
5521959221730
5521959307932
5521959445008
5521964107038
5521964156356
5521964180178
5521964213204
5521964282494
5521964337671
5521964345929
5521964397579
5521964526470
5521964967321
5521964981520
5521965010785
5521965147713
5521965175860
5521965619518
5521965676181
5521965682008
5521965889631
5521965899166
5521965939886
5521966036802
5521966109763
5521966278647
5521966292767
5521966300994
5521966464784
5521966517663
5521966920084
5521967015080
5521967223300
5521967266233
5521967312013
5521967368983
5521967474313
5521967787954
5521968953279
5521968987696
5521969090348
5521969194554
5521969220074
5521969297682
5521969337283
5521969527399
5521969808244
5521969945774
5521969954623
5521970024532
5521970216290
5521970266994
5521970480658
5521970665501
5521970676700
5521971229165
5521971994998
5521972133357
5521972328782
5521972727781
5521972749961
5521973088585
5521973229811
5521974216785
5521974373118
5521974375756
5521974469993
5521974547911
5521974687886
5521974713529
5521974783295
5521974805135
5521974996256
5521975003663
5521975012452
5521975169393
5521975240784
5521975308420
5521975381894
5521975472506
5521975868008
5521976542995
5521976583635
5521977150979
5521977155055
5521977876176
5521978837351
5521979016047
5521979034068
5521979453362
5521979539647
5521979653513
5521979853704
5521979923755
5521979952021
5521980119429
5521980124236
5521980144787
5521980198290
5521980238222
5521980708918
5521980997251
5521981029269
5521981087627
5521981131223
5521981167481
5521981168007
5521981228237
5521981325074
5521981364473
5521981670667
5521981672252
5521982052821
5521982318650
5521982336346
5521982601660
5521982896365
5521983086813
5521983521822
5521983551761
5521983854676
5521984041523
5521984089707
5521984141436
5521984148900
5521985169998
5521985383482
5521985537747
5521985688621
5521985876667
5521986481297
5521986565740
5521986635770
5521986777481
5521986912001
5521987287679
5521987954223
5521988021555
5521988052111
5521988052948
5521988246871
5521988559384
5521988767297
5521990154136
5521990322181
5521990608801
5521990807906
5521991108995
5521991265439
5521991283583
5521991433207
5521991865308
5521992082092
5521992511581
5521992743841
5521992909526
5521993087480
5521993420191
5521993671336
5521993731982
5521993778758
5521993981218
5521994009697
5521994029205
5521994394797
5521994500470
5521994749298
5521994871111
5521995245312
5521995301366
5521995555800
5521995628266
5521995859825
5521996009518
5521996046845
5521996230028
5521996274320
5521996332927
5521996659908
5521996749822
5521996760212
5521996886394
5521996890265
5521997135389
5521997175676
5521997211554
5521997263767
5521997371080
5521997571455
5521997614455
5521997672463
5521997690920
5521997701919
5521997996135
5521998082015
5521998164277
5521998179646
5521998211400
5521998535135
5521998568964
5521998811982
5521998908659
5521999064046
5521999095653
5521999152660
5521999201989
5521999262226
5521999363689
5521999629862
5521999677350
5521999856964
5521999953472
5521999986007
5521999987799
5522991035775
5522992566783
5522997830486
5522998494882
5522999217643
5522999479878
5522999796466
5524988499323
5524992007180
5524992009221
5524992088782
5524992671302
5524992781221
5524998628412
5524999958430
5528999828886
5531992986968
5533988354610
5548984982913
5579999789594
5598982569767
